30002
30003
30004
30024
30026
30027
30028
30030
30031
30032
30033
30034
30035
30036
30037
30038
30039
30040
30041
30042
30043
30044
30045
30049
30050
30051
30053
30054
30055
30056
30057
30058
30059
30060
30230
30263
30265
30269
30271
30275
30276
30277
30278
30281
30282
30283
30284
30285
30286
30287
30288
30289
30290
30291
30292
30295
30296
30297
30298
30299
30300
30301
30302
30303
30304
30305
30306
30307
30308
30310
30314
30316
30317
30323
30324
30325
30327
30328
30334
30357
30358
30363
30365
30367
30368
30371
30372
30373
30374
30376
30379
30380
30381
30382
30383
30385
30386
30387
30390
30392
30393
30396
30404
30405
30406
30407
30411
30412
30415
30416
30417
30419
30420
30423
30430
30434
30435
30436
30437
30445
30453
30454
30455
30456
30457
30465
30467
30468
30469
30473
30474
30479
30482
30486
30487
30491
30492
30496
30501
30503
30505
30506
30507
30510
30513
30515
30516
30518
30522
30525
30526
30527
30528
30529
30530
30531
30532
30533
30534
30536
30537
30538
30539
30543
30545
30546
30547
30548
30549
30550
30552
30553
30554
30556
30557
30558
30559
30560
30561
30564
30565
30566
30567
30568
30569
30570
30571
30572
30573
30575
30576
30577
30578
30579
30580
30583
30584
30585
30586
30587
30588
30589
30590
30591
30592
30593
30594
30595
30596
30597
30598
30599
30601
30602
30603
30606
30607
30609
30610
30611
30612
30613
30614
30615
30616
30617
30618
30620
30621
30622
30623
30624
30625
30628
30629
30630
30631
30632
30633
30634
30635
30636
30637
30638
30639
30640
30641
30642
30643
30644
30645
30646
30647
30648
30649
30650
30655
30658
30659
30660
30661
30662
30664
30667
30668
30669
30670
30671
30672
30674
30675
30677
30680
30681
30682
30683
30684
30686
30687
30690
30691
30692
30693
30694
30695
30696
30701
30715
30716
30717
30718
30719
30720
30721
30722
30723
30727
30728
30729
30730
30731
30734
30738
30739
30740
30741
30742
30745
30746
30748
30749
30750
30762
30763
30764
30765
30766
30767
30768
30769
30770
30771
30772
30773
30774
30776
30777
30778
30779
30780
30781
30783
30787
30788
30790
30792
30794
30795
30796
30798
30799
30800
30801
30802
30803
30809
30810
30811
30812
30813
30814
30815
30816
30817
30818
30820
30821
30823
30824
30826
30827
30828
30829
30831
30832
30834
30835
30836
30839
30840
30841
30842
30843
30844
30845
30846
30847
30849
30850
30851
30852
30853
30854
30855
30858
30859
30865
30887
30888
30889
30890
30891
30894
30895
30899
30900
30903
30904
30905
30906
30907
30908
30909
30910
30913
30918
30919
30923
30925
30926
30927
30928
30932
30933
30934
30935
30936
30937
30938
30939
30940
30946
30948
30949
30950
30951
30952
30953
30954
30955
30956
30957
30960
30961
30965
30968
30975
30976
30977
30978
30981
30994
30997
30998
31008
31009
31010
31012
31013
31017
31018
31023
31030
31034
31040
31041
31042
31044
31045
31046
31048
31049
31050
31052
31053
31055
31056
31058
31059
31088
31089
31090
31091
31092
31094
31095
31096
31098
31099
31100
31101
31106
31107
31108
31109
31110
31111
31112
31113
31114
31115
31116
31117
31119
31123
31124
31125
31126
31127
31128
31129
31130
31131
31132
31134
31135
31139
31140
31141
31143
31144
31146
31147
31148
31151
31156
31157
31158
31160
31161
31162
31163
31164
31165
31198
31199
31200
31201
31202
31204
31205
31206
31211
31213
31216
31222
31223
31224
31225
31226
31227
31228
31230
31232
31235
31238
31239
31240
31241
31242
31243
31245
31246
31247
31250
31259
31260
31262
31263
31268
31273
31278
31279
31280
31282
31283
31285
31286
31287
31288
31289
31291
31293
31299
31305
31306
31307
31308
31311
31313
31316
31318
31323
31324
31325
31338
31339
31340
31422
31423
31424
31425
31426
31427
31428
31429
31430
31431
31432
31433
31434
31435
31436
31437
31441
31442
31443
31444
31445
31446
31447
31448
31449
31450
31451
31453
31454
31455
31456
31458
31460
31461
31462
31463
31464
31465
31466
31467
31468
31469
31470
31471
31476
31477
31478
31484
31486
31487
31488
31489
31492
31493
31494
31495
31496
31500
31501
31502
31503
31504
31506
31507
31508
31509
31512
31513
31514
31515
31516
31518
31519
31520
31521
31522
31523
31527
31528
31529
31530
31531
31532
31533
31534
31535
31537
31538
31539
31541
31542
31543
31544
31545
31546
31547
31548
31549
31552
31555
31556
31557
31558
31559
31560
31561
31562
31563
31564
31566
31567
31569
31575
31577
31578
31579
31583
31585
31587
31588
31589
31590
31591
31592
31594
31595
31597
31599
31600
31604
31606
31608
31609
31611
31612
31613
31614
31616
31617
31618
31619
31623
31624
31626
31627
31629
31630
31631
31632
31633
31634
31635
31638
31640
31641
31643
31648
31652
31653
31654
31656
31658
31659
31661
31663
31664
31665
31669
31670
31673
31674
31676
31685
31686
31689
31697
31701
31845
31849
31850
31856
31914
31915
31916
31920
31921
31930
31933
31934
31936
31939
31944
31945
31946
31947
31949
31958
31959
31962
31966
31967
31968
31969
31970
31972
31973
31974
31976
31977
31978
31979
31980
31983
31984
31985
31986
31991
31994
31995
31999
32000
32001
32002
32007
32008
32009
32010
32011
32012
32013
32014
32016
32018
32019
32020
32021
32022
32024
32027
32028
32029
32031
32032
32038
32039
32040
32041
32044
32045
32046
32047
32051
32052
32055
32056
32058
32059
32060
32061
32062
32063
32064
32065
32080
32084
32085
32086
32089
32090
32091
32092
32093
32094
32095
32096
32097
32098
32099
32100
32101
32108
32116
32119
32125
32128
32129
32130
32131
32132
32133
32134
32135
32136
32138
32139
32141
32143
32146
32147
32148
32149
32150
32152
32167
32169
32170
32171
32173
32177
32178
32179
32180
32181
32183
32184
32187
32188
32189
32190
32191
32193
32194
32195
32196
32197
32198
32199
32201
32208
32210
32211
32212
32214
32217
32218
32219
32220
32221
32223
32225
32226
32228
32232
32233
32235
32237
32238
32239
32242
32243
32244
32271
32272
32273
32274
32277
32278
32286
32287
32288
32290
32291
32292
32293
32294
32295
32296
32297
32298
32300
32302
32303
32304
32305
32307
32308
32312
32316
32317
32320
32321
32323
32324
32325
32326
32327
32328
32332
32335
32339
32341
32342
32344
32346
32349
32350
32351
32353
32354
32355
32356
32358
32359
32381
32383
32386
32387
32389
32397
32399
32403
32404
32405
32406
32407
32408
32409
32410
32411
32412
32413
32414
32415
32416
32419
32420
32424
32425
32426
32427
32428
32429
32430
32432
32433
32434
32435
32437
32443
32445
32447
32448
32449
32451
32452
32453
32454
32455
32456
32458
32459
32461
32462
32464
32465
32472
32473
32482
32483
32484
32489
32490
32497
32500
32502
32503
32504
32505
32506
32507
32508
32509
32510
32513
32514
32515
32518
32519
32520
32521
32523
32525
32526
32529
32530
32531
32533
32534
32535
32536
32537
32538
32539
32540
32541
32542
32544
32545
32546
32547
32548
32549
32550
32552
32553
32554
32555
32556
32557
32558
32559
32560
32563
32564
32565
32566
32569
32571
32572
32583
32585
32586
32587
32592
32594
32595
32643
32648
32664
32665
32666
32668
32669
32671
32672
32675
32676
32677
32678
32682
32683
32693
32694
32700
32702
32723
32730
32739
32741
32749
32757
32758
32772
32773
32774
32777
32778
32779
32780
32784
32786
32787
32825
32826
32829
32833
32834
32835
32836
32837
32838
32839
32840
32841
32842
32843
32844
32845
32848
32849
32850
32851
32852
32853
32854
32859
32861
32863
32865
32866
32867
32868
32869
32870
32871
32891
32894
32895
32896
32919
32920
32921
32922
32924
32927
32928
32929
32930
32931
32932
32934
32935
32936
32937
32939
32940
32941
32942
32943
32944
32946
32948
32949
32950
32953
32954
32956
32958
32959
32960
32961
32962
32965
32967
32968
32970
32973
32976
32977
32978
32979
32980
32981
32982
32983
32984
32986
32988
32990
32991
32992
32993
32994
32996
32998
32999
33000
33001
33002
33004
33006
33007
33008
33009
33012
33013
33014
33016
33017
33023
33025
33026
33027
33028
33029
33030
33031
33032
33033
33037
33038
33040
33042
33043
33045
33047
33048
33049
33050
33051
33052
33053
33054
33055
33056
33057
33058
33059
33060
33061
33062
33063
33064
33066
33068
33069
33070
33071
33073
33074
33075
33076
33077
33078
33079
33080
33081
33082
33083
33091
33092
33095
33096
33099
33100
33104
33105
33107
33108
33112
33117
33118
33119
33120
33121
33122
33123
33124
33125
33128
33129
33131
33133
33134
33137
33138
33139
33141
33142
33143
33145
33146
33147
33148
33149
33150
33151
33154
33155
33157
33158
33159
33160
33161
33163
33164
33165
33167
33168
33169
33170
33171
33172
33173
33174
33175
33177
33178
33179
33180
33181
33182
33183
33186
33189
33192
33193
33194
33195
33197
33199
33202
33203
33205
33208
33210
33211
33212
33217
33218
33219
33220
33221
33222
33223
33224
33225
33226
33227
33228
33229
33239
33241
33242
33243
33244
33248
33249
33251
33252
33256
33258
33259
33261
33262
33263
33264
33265
33266
33267
33268
33269
33275
33280
33282
33283
33288
33291
33292
33293
33294
33296
33297
33298
33299
33302
33310
33311
33312
33313
33314
33315
33316
33317
33318
33319
33320
33332
33335
33336
33337
33339
33340
33341
33342
33344
33345
33346
33347
33348
33349
33350
33351
33353
33356
33364
33365
33369
33373
33379
33380
33381
33383
33385
33387
33388
33389
33390
33391
33393
33394
33395
33399
33400
33401
33402
33403
33412
33413
33414
33415
33416
33417
33418
33420
33421
33422
33423
33424
33425
33426
33430
33431
33432
33433
33434
33435
33436
33437
33438
33440
33442
33446
33448
33449
33450
33452
33453
33457
33458
33459
33460
33463
33464
33465
33466
33468
33471
33474
33475
33476
33478
33482
33483
33484
33485
33489
33490
33491
33495
33496
33498
33500
33506
33513
33514
33515
33518
33519
33520
33521
33522
33523
33525
33526
33527
33530
33531
33533
33536
33537
33539
33540
33541
33542
33551
33552
33554
33555
33556
33557
33560
33561
33562
33563
33564
33568
33569
33570
33571
33572
33574
33577
33578
33579
33581
33582
33583
33585
33586
33587
33589
33590
33591
33592
33595
33596
33597
33598
33600
33602
33603
33605
33607
33608
33609
33611
33613
33616
33619
33620
33621
33627
33628
33629
33630
33631
33632
33633
33634
33635
33638
33639
33640
33641
33644
33645
33646
33647
33648
33649
33656
33662
33663
33664
33666
33669
33671
33673
33674
33678
33679
33680
33683
33684
33685
33691
33692
33695
33696
33697
33698
33699
33700
33704
33705
33708
33709
33714
33719
33720
33721
33722
33807
33824
33849
33856
33857
33864
33889
33894
33896
33902
33910
33911
33912
33913
33914
33915
33916
33917
33918
33920
33921
33922
33923
33928
33936
33938
33939
33944
33945
33948
33949
33952
33953
33955
33956
33957
33958
33959
33960
33961
33962
33965
33966
33968
33976
33978
33979
33980
33982
33988
33989
33991
33994
33995
33996
33997
33998
34004
34007
34008
34009
34010
34011
34013
34014
34015
34016
34017
34018
34019
34020
34021
34024
34026
34027
34028
34034
34035
34036
34037
34038
34039
34040
34041
34042
34043
34044
34047
34048
34049
34050
34051
34054
34056
34057
34058
34059
34060
34061
34062
34063
34064
34065
34066
34087
34091
34092
34093
34094
34095
34096
34097
34100
34102
34103
34105
34107
34108
34110
34112
34113
34115
34116
34117
34118
34123
34124
34127
34131
34132
34133
34153
34154
34156
34157
34158
34159
34160
34161
34164
34165
34167
34168
34171
34172
34173
34176
34177
34179
34180
34182
34185
34186
34187
34194
34195
34196
34197
34200
34201
34205
34207
34212
34213
34214
34218
34219
34226
34227
34228
34229
34230
34231
34232
34233
34234
34237
34238
34239
34240
34241
34242
34244
34245
34247
34248
34249
34254
34256
34257
34259
34260
34261
34262
34263
34264
34265
34266
34267
34269
34270
34273
34275
34276
34277
34278
34279
34280
34281
34282
34283
34286
34288
34290
34291
34292
34297
34299
34300
34301
34302
34303
34304
34306
34308
34309
34310
34311
34312
34313
34314
34315
34317
34318
34319
34320
34321
34322
34323
34324
34325
34337
34338
34339
34340
34341
34343
34344
34346
34347
34350
34352
34353
34354
34356
34359
34360
34368
34371
34373
34374
34376
34377
34378
34379
34380
34381
34382
34383
34384
34385
34386
34387
34388
34389
34392
34393
34396
34397
34398
34399
34405
34406
34407
34408
34409
34410
34411
34413
34414
34415
34416
34417
34418
34419
34420
34421
34422
34424
34425
34426
34427
34428
34429
34430
34433
34434
34435
34436
34454
34458
34460
34462
34463
34464
34465
34468
34471
34473
34478
34479
34480
34481
34482
34483
34484
34488
34491
34494
34495
34497
34498
34499
34500
34503
34505
34507
34508
34511
34517
34520
34521
34522
34523
34524
34525
34527
34528
34529
34530
34531
34532
34533
34535
34536
34540
34541
34542
34545
34547
34548
34549
34550
34552
34553
34555
34560
34561
34562
34564
34566
34567
34568
34570
34571
34572
34574
34575
34576
34577
34578
34580
34581
34582
34583
34586
34587
34590
34597
34598
34599
34600
34601
34603
34604
34605
34606
34607
34610
34613
34614
34615
34616
34617
34618
34619
34622
34623
34624
34626
34627
34628
34629
34630
34631
34632
34634
34635
34637
34639
34640
34641
34642
34643
34646
34648
34649
34651
34656
34657
34658
34660
34661
34662
34663
34664
34666
34667
34668
34669
34670
34671
34672
34673
34675
34676
34678
34682
34683
34685
34687
34689
34690
34691
34695
34697
34699
34704
34710
34711
34712
34714
34716
34717
34725
34741
34742
34757
34766
34769
34770
34778
34783
34785
34789
34790
34791
34794
34795
34796
34797
34798
34799
34800
34801
34802
34803
34804
34807
34810
34812
34814
34815
34816
34818
34819
34820
34821
34822
34823
34824
34825
34828
34830
34832
34834
34835
34838
34840
34841
34842
34843
34844
34849
34850
34851
34852
34853
34856
34858
34861
34863
34867
34868
34869
34870
34873
34874
34875
34877
34879
34881
34882
34886
34887
34889
34890
34891
34892
34893
34894
34895
34896
34897
34898
34899
34900
34901
34904
34905
34908
34909
34910
34911
34912
34913
34914
34918
34919
34920
34921
34923
34924
34925
34926
34927
34928
34929
34930
34931
34932
34933
34934
34939
34940
34944
34945
34946
34947
34948
34950
34951
34953
34954
34955
34957
34958
34960
34961
34966
34973
34975
34976
34977
34978
34979
34980
34981
34982
34983
34984
34985
34986
34992
35076
35077
35089
35090
35097
35098
35099
35100
35101
35106
35107
35108
35109
35110
35111
35112
35113
35114
35121
35123
35125
35127
35128
35130
35135
35140
35141
35142
35143
35145
35148
35150
35151
35152
35153
35158
35163
35164
35168
35169
35171
35173
35174
35175
35176
35177
35182
35183
35184
35185
35186
35191
35192
35193
35194
35195
35196
35202
35203
35204
35205
35206
35207
35208
35209
35211
35212
35213
35217
35218
35219
35220
35221
35222
35223
35224
35225
35226
35227
35229
35230
35231
35232
35237
35241
35242
35243
35244
35245
35246
35247
35248
35249
35250
35251
35261
35262
35263
35266
35272
35273
35274
35275
35276
35277
35278
35281
35288
35289
35291
35304
35305
35307
35308
35309
35310
35312
35317
35321
35322
35323
35329
35330
35331
35332
35333
35334
35342
35343
35345
35346
35347
35348
35349
35351
35352
35355
35356
35358
35359
35360
35377
35385
35386
35387
35388
35389
35391
35392
35393
35394
35396
35412
35414
35415
35416
35417
35418
35419
35420
35421
35422
35424
35425
35429
35437
35439
35447
35448
35449
35450
35453
35454
35455
35456
35457
35458
35459
35460
35463
35464
35465
35466
35468
35469
35470
35471
35474
35475
35476
35478
35479
35480
35481
35482
35483
35485
35486
35487
35488
35489
35490
35491
35492
35493
35495
35496
35497
35498
35500
35501
35502
35503
35504
35506
35508
35509
35510
35511
35512
35513
35514
35515
35516
35521
35522
35525
35527
35528
35529
35530
35531
35532
35533
35534
35535
35536
35537
35538
35539
35540
35545
35549
35550
35551
35552
35553
35554
35557
35558
35559
35560
35563
35564
35566
35567
35568
35569
35570
35571
35572
35573
35574
35576
35578
35579
35580
35581
35586
35587
35589
35590
35591
35593
35594
35595
35596
35597
35598
35599
35600
35601
35602
35603
35604
35605
35607
35609
35610
35611
35612
35613
35615
35616
35617
35618
35619
35620
35628
35630
35631
35638
35639
35642
35644
35645
35646
35647
35660
35661
35662
35664
35665
35666
35667
35670
35672
35674
35675
35676
35678
35680
35681
35682
35683
35685
35686
35687
35688
35692
35693
35694
35695
35696
35697
35698
35699
35701
35703
35704
35706
35707
35709
35710
35711
35712
35713
35714
35717
35719
35720
35721
35722
35723
35724
35725
35726
35728
35729
35730
35732
35738
35742
35743
35744
35745
35749
35750
35751
35752
35753
35754
35756
35757
35758
35759
35760
35770
35776
35777
35781
35789
35791
35792
35793
35794
35797
35798
35799
35800
35801
35802
35803
35804
35805
35806
35810
35812
35813
35814
35815
35816
35819
35821
35823
35824
35829
35837
35838
35842
35843
35844
35845
35846
35848
35851
35852
35853
35854
35864
35865
35866
35868
35869
35870
35871
35872
35873
35874
35875
35876
35877
35878
35881
35883
35893
35894
35895
35896
35899
35900
35902
35904
35905
35906
35910
35912
35913
35914
35915
35916
35917
35918
35919
35921
35922
35924
35925
35926
35927
35929
35930
35932
35933
35934
35935
35936
35937
35938
35939
35940
35941
35942
35943
35944
35945
35947
35951
35952
35954
35956
35957
35959
35960
35961
35962
35963
35965
35966
35967
35968
35970
35971
35972
35973
35975
35976
35977
35978
35979
35980
35981
35982
35984
35985
35986
35987
35988
35995
35996
35998
35999
36000
36006
36015
36016
36017
36018
36019
36020
36021
36022
36026
36045
36046
36048
36049
36050
36051
36052
36053
36054
36055
36056
36057
36058
36059
36060
36061
36068
36069
36071
36072
36073
36074
36075
36076
36080
36081
36085
36087
36098
36104
36105
36106
36107
36108
36109
36119
36120
36121
36122
36123
36124
36125
36126
36128
36129
36130
36131
36133
36135
36136
36137
36138
36139
36140
36141
36142
36143
36144
36145
36147
36148
36149
36150
36151
36157
36158
36159
36160
36161
36162
36163
36164
36165
36166
36171
36172
36173
36175
36176
36177
36178
36179
36181
36182
36183
36184
36185
36186
36187
36188
36189
36190
36191
36192
36193
36194
36195
36197
36222
36233
36234
36235
36240
36241
36242
36243
36247
36248
36254
36256
36257
36258
36261
36265
36266
36267
36269
36270
36271
36272
36273
36274
36275
36276
36278
36279
36280
36281
36282
36283
36284
36285
36287
36288
36294
36295
36297
36298
36299
36300
36301
36303
36304
36305
36307
36308
36309
36310
36311
36312
36315
36316
36317
36319
36320
36321
36322
36323
36324
36327
36328
36329
36330
36331
36332
36333
36340
36341
36342
36343
36344
36345
36346
36347
36348
36349
36350
36351
36354
36355
36356
36358
36359
36360
36361
36365
36366
36367
36368
36369
36371
36372
36373
36374
36375
36376
36378
36379
36380
36381
36382
36386
36387
36388
36389
36390
36391
36393
36394
36395
36396
36397
36398
36399
36400
36401
36402
36403
36404
36405
36406
36407
36408
36440
36441
36442
36443
36444
36445
36446
36447
36448
36449
36450
36451
36452
36453
36454
36455
36456
36457
36462
36467
36469
36475
36476
36477
36478
36485
36486
36487
36490
36491
36492
36493
36495
36497
36499
36501
36504
36505
36507
36508
36509
36510
36512
36514
36515
36516
36517
36518
36519
36520
36521
36522
36523
36524
36525
36526
36531
36537
36538
36539
36541
36542
36543
36547
36550
36551
36553
36554
36555
36556
36557
36558
36560
36561
36562
36569
36570
36573
36574
36576
36577
36578
36579
36580
36581
36582
36583
36584
36585
36586
36587
36589
36590
36591
36592
36594
36595
36596
36597
36598
36599
36602
36604
36605
36607
36608
36609
36610
36611
36614
36615
36616
36617
36622
36626
36627
36628
36629
36630
36632
36633
36634
36635
36637
36638
36641
36642
36643
36648
36650
36651
36652
36654
36655
36656
36657
36658
36662
36663
36664
36666
36668
36669
36671
36672
36673
36674
36675
36676
36677
36678
36679
36680
36681
36682
36686
36687
36688
36692
36693
36695
36700
36702
36703
36704
36710
36712
36713
36718
36719
36721
36722
36723
36724
36725
36726
36727
36728
36729
36730
36731
36733
36735
36736
36737
36738
36739
36740
36741
36742
36743
36744
36745
36747
36749
36750
36751
36752
36753
36754
36755
36756
36757
36759
36760
36762
36763
36764
36765
36766
36767
36768
36769
36770
36772
36773
36774
36775
36776
36777
36778
36779
36780
36781
36785
36786
36787
36788
36792
36901
36902
36905
36906
36907
36908
36943
36945
36947
36949
36950
36951
36952
36953
36954
36964
36965
36968
36969
36974
36979
36980
36981
36982
36983
36984
36985
36986
36988
36991
36992
36993
36994
36996
36997
36998
36999
37000
37004
37005
37007
37008
37009
37010
37011
37012
37013
37014
37017
37018
37019
37020
37021
37022
37023
37024
37025
37027
37033
37034
37035
37037
37038
37039
37040
37041
37042
37043
37044
37045
37046
37047
37050
37052
37053
37054
37055
37056
37057
37061
37062
37064
37065
37068
37069
37070
37071
37072
37073
37074
37076
37077
37078
37080
37081
37082
37083
37084
37085
37086
37087
37088
37089
37090
37091
37092
37093
37094
37095
37096
37099
37101
37103
37104
37105
37106
37108
37109
37110
37111
37112
37113
37114
37115
37117
37118
37119
37121
37122
37124
37125
37126
37127
37129
37135
37140
37141
37143
37144
37145
37146
37147
37149
37150
37151
37152
37153
37154
37155
37156
37157
37158
37159
37160
37161
37163
37167
37169
37170
37171
37172
37173
37174
37175
37176
37177
37178
37179
37180
37181
37183
37185
37186
37187
37188
37191
37192
37193
37194
37195
37197
37198
37203
37204
37205
37206
37207
37208
37209
37210
37211
37213
37214
37234
37235
37240
37242
37243
37245
37246
37248
37254
37255
37257
37258
37259
37260
37263
37264
37265
37266
37268
37270
37271
37272
37273
37274
37275
37276
37277
37278
37279
37288
37289
37290
37291
37293
37294
37295
37296
37297
37298
37299
37300
37301
37302
37303
37304
37305
37306
37311
37312
37315
37316
37317
37318
37319
37327
37328
37329
37336
37337
37338
37339
37340
37341
37342
37356
37357
37360
37361
37362
37363
37364
37365
37366
37367
37368
37369
37370
37371
37373
37374
37375
37376
37377
37379
37380
37381
37386
37387
37388
37389
37390
37391
37395
37396
37398
37399
37400
37401
37402
37404
37405
37406
37407
37408
37410
37412
37416
37417
37418
37419
37424
37428
37429
37430
37432
37433
37434
37435
37437
37438
37439
37440
37441
37442
37443
37444
37446
37447
37448
37449
37450
37451
37452
37453
37454
37455
37456
37457
37458
37459
37462
37463
37464
37465
37466
37468
37469
37470
37471
37472
37473
37474
37475
37478
37480
37483
37484
37485
37487
37488
37489
37490
37491
37492
37493
37495
37496
37497
37498
37499
37500
37501
37503
37504
37505
37506
37509
37510
37511
37512
37513
37514
37515
37518
37519
37520
37521
37522
37523
37524
37525
37526
37528
37529
37531
37532
37533
37534
37535
37536
37537
37538
37539
37540
37541
37542
37543
37544
37545
37546
37547
37548
37549
37550
37551
37552
37553
37554
37555
37556
37557
37560
37562
37563
37564
37565
37566
37568
37569
37570
37571
37572
37573
37574
37575
37576
37577
37578
37579
37580
37582
37583
37584
37585
37586
37588
37589
37590
37591
37593
37595
37596
37597
37598
37599
37600
37603
37604
37605
37611
37614
37615
37616
37618
37619
37620
37621
37622
37623
37624
37625
37626
37628
37629
37631
37632
37633
37634
37635
37637
37638
37639
37640
37641
37642
37643
37644
37645
37646
37647
37648
37649
37650
37688
37690
37692
37693
37694
37695
37696
37697
37698
37699
37700
37701
37704
37705
37706
37708
37709
37710
37711
37712
37713
37714
37715
37717
37718
37719
37720
37721
37722
37723
37724
37725
37726
37727
37731
37732
37733
37735
37736
37737
37738
37739
37741
37742
37743
37744
37745
37746
37747
37749
37750
37751
37752
37753
37754
37755
37756
37757
37758
37759
37760
37761
37762
37763
37764
37765
37766
37767
37768
37769
37770
37771
37772
37773
37774
37776
37777
37778
37780
37781
37782
37784
37785
37787
37788
37789
37790
37791
37792
37793
37794
37795
37796
37797
37799
37800
37801
37802
37803
37804
37808
37809
37811
37812
37813
37814
37816
37817
37818
37819
37820
37821
37822
37824
37825
37826
37827
37829
37830
37831
37832
37833
37834
37835
37836
37837
37838
37839
37840
37841
37844
37845
37846
37847
37848
37849
37850
37851
37854
37855
37856
37857
37858
37859
37860
37861
37862
37863
37864
37865
37866
37869
37870
37871
37872
37876
37879
37880
37881
37882
37883
37884
37885
37886
37887
37888
37889
37890
37891
37893
37894
37895
37896
37897
37898
37899
37901
37902
37904
37905
37906
37907
37908
37909
37911
37912
37913
37914
37916
37917
37919
37920
37921
37922
37923
37924
37927
37928
37929
37932
37933
37934
37935
37936
37937
37938
37939
37941
37942
37943
37946
37948
37949
37950
37951
37952
37953
37956
37958
37959
37961
37962
37963
37964
37965
37966
37968
37969
37970
37971
37972
37973
37974
37975
37978
37979
37980
37981
37982
37983
37984
37985
37986
37987
37988
37989
37990
37991
37992
37993
37994
37995
37996
37997
37999
38000
38002
38003
38004
38005
38006
38007
38008
38009
38010
38011
38012
38013
38014
38015
38016
38017
38018
38019
38020
38022
38023
38024
38025
38026
38027
38028
38029
38031
38032
38033
38034
38035
38036
38039
38040
38041
38042
38043
38044
38045
38047
38048
38049
38050
38051
38052
38053
38054
38055
38056
38057
38058
38059
38061
38062
38063
38064
38065
38066
38067
38069
38070
38071
38072
38073
38074
38075
38076
38077
38078
38079
38080
38081
38082
38083
38084
38085
38086
38087
38088
38089
38090
38091
38092
38099
38103
38104
38105
38106
38109
38110
38111
38112
38113
38114
38115
38116
38117
38118
38120
38121
38123
38124
38125
38126
38127
38128
38129
38130
38131
38132
38133
38134
38135
38136
38137
38138
38139
38140
38141
38142
38155
38156
38157
38158
38159
38160
38161
38162
38163
38164
38165
38166
38167
38168
38169
38170
38171
38172
38173
38174
38175
38176
38177
38180
38181
38182
38183
38185
38186
38187
38188
38189
38190
38191
38192
38193
38194
38195
38196
38197
38198
38199
38200
38253
38280
38282
38284
38285
38286
38289
38290
38291
38292
38293
38296
38297
38298
38299
38301
38302
38303
38304
38306
38307
38308
38309
38310
38311
38313
38314
38317
38318
38319
38320
38322
38323
38325
38326
38327
38328
38329
38330
38332
38333
38334
38335
38336
38337
38338
38339
38345
38346
38347
38348
38349
38350
38351
38352
38353
38354
38355
38356
38357
38360
38361
38362
38363
38364
38365
38366
38368
38369
38370
38371
38372
38373
38374
38375
38376
38377
38378
38379
38380
38381
38383
38384
38385
38386
38387
38388
38394
38395
38396
38397
38398
38399
38400
38401
38402
38403
38404
38405
38406
38408
38409
38410
38411
38412
38413
38416
38417
38418
38419
38420
38421
38422
38423
38424
38425
38426
38427
38428
38429
38430
38431
38432
38433
38434
38435
38436
38444
38445
38446
38449
38451
38452
38453
38457
38458
38460
38462
38463
38464
38466
38467
38472
38474
38475
38476
38479
38480
38482
38484
38485
38486
38487
38488
38489
38490
38491
38492
38493
38494
38495
38496
38497
38498
38501
38503
38504
38505
38506
38507
38508
38509
38510
38511
38512
38514
38515
38517
38518
38523
38524
38525
38526
38527
38528
38530
38531
38532
38533
38537
38538
38539
38540
38541
38542
38543
38544
38545
38546
38548
38549
38550
38551
38552
38553
38556
38557
38558
38559
38560
38561
38563
38564
38565
38566
38567
38568
38569
38570
38571
38572
38578
38579
38581
38582
38583
38584
38585
38586
38587
38588
38589
38590
38591
38592
38593
38594
38595
38596
38598
38599
38606
38607
38608
38609
38610
38611
38612
38613
38614
38615
38616
38617
38620
38621
38622
38624
38625
38626
38627
38628
38629
38630
38631
38632
38633
38634
38635
38636
38638
38639
38657
38658
38659
38660
38661
38663
38664
38665
38666
38667
38669
38670
38671
38673
38674
38675
38677
38678
38679
38680
38681
38682
38683
38684
38685
38686
38687
38688
38689
38690
38691
38692
38693
38694
38695
38696
38698
38700
38703
38705
38706
38707
38708
38709
38710
38711
38712
38713
38714
38715
38716
38717
38722
38723
38724
38725
38726
38728
38730
38731
38733
38734
38735
38736
38738
38740
38742
38743
38744
38745
38746
38747
38748
38749
38750
38751
38752
38753
38754
38755
38756
38757
38758
38759
38760
38761
38762
38763
38764
38766
38767
38768
38769
38770
38771
38772
38773
38774
38775
38776
38777
38779
38780
38781
38782
38783
38786
38787
38788
38789
38790
38791
38792
38793
38794
38795
38796
38797
38799
38800
38801
38802
38803
38804
38808
38809
38810
38811
38813
38814
38816
38817
38818
38819
38820
38821
38822
38823
38824
38825
38829
38830
38831
38832
38833
38834
38835
38836
38837
38838
38839
38840
38841
38842
38843
38844
38845
38846
38847
38848
38849
38850
38852
38853
38854
38855
38856
38857
38858
38859
38860
38861
38862
38864
38865
38866
38869
38871
38872
38873
38874
38875
38876
38877
38878
38879
38880
38881
38882
38883
38884
38885
38886
38887
38888
38889
38892
38893
38894
38895
38896
38897
38898
38899
38900
38902
38903
38904
38905
38906
38907
38909
38910
38911
38912
38913
38915
38916
38917
38918
38919
38920
38921
38922
38923
38924
38925
38926
38927
38928
38931
38932
38933
38934
38949
38950
38951
38952
38954
38956
38957
38958
38959
38960
38962
38968
38971
38972
38974
38975
38976
38977
38978
38979
38980
38981
38982
38983
38985
38987
38988
38989
38990
38991
38992
38993
38995
38996
38997
38998
38999
39000
39001
39002
39003
39004
39005
39007
39008
39009
39010
39011
39013
39014
39015
39016
39018
39019
39020
39021
39022
39023
39024
39026
39027
39028
39029
39031
39032
39033
39034
39036
39037
39038
39039
39040
39042
39043
39044
39045
39046
39047
39048
39050
39052
39053
39054
39055
39056
39057
39058
39060
39061
39062
39063
39064
39065
39066
39067
39068
39069
39071
39072
39073
39075
39076
39077
39078
39079
39080
39081
39082
39083
39084
39085
39086
39087
39088
39089
39096
39098
39099
39100
39101
39102
39103
39104
39105
39106
39107
39108
39109
39115
39116
39117
39119
39120
39121
39122
39123
39124
39125
39126
39128
39129
39130
39131
39132
39133
39134
39136
39147
39148
39149
39150
39151
39152
39153
39155
39156
39157
39158
39159
39160
39161
39162
39163
39164
39165
39166
39167
39168
39169
39170
39171
39175
39176
39177
39178
39179
39180
39193
39194
39195
39196
39197
39200
39201
39203
39204
39214
39215
39217
39218
39219
39220
39221
39222
39223
39229
39230
39231
39232
39233
39234
39235
39236
39237
39240
39241
39242
39243
39244
39245
39246
39248
39249
39250
39251
39252
39254
39255
39257
39258
39259
39260
39261
39262
39263
39265
39266
39267
39268
39269
39270
39271
39272
39273
39274
39276
39277
39279
39280
39281
39282
39283
39284
39285
39286
39288
39289
39290
39291
39292
39293
39294
39295
39296
39300
39301
39302
39303
39305
39306
39307
39309
39310
39311
39312
39313
39318
39319
39320
39321
39322
39323
39324
39326
39327
39328
39329
39330
39331
39332
39333
39336
39337
39338
39339
39341
39342
39344
39346
39347
39348
39349
39350
39351
39363
39365
39366
39369
39370
39371
39372
39373
39374
39375
39377
39378
39379
39381
39383
39384
39385
39386
39387
39388
39389
39390
39391
39392
39393
39396
39398
39399
39400
39401
39402
39403
39404
39405
39406
39407
39408
39409
39410
39411
39413
39414
39415
39416
39417
39418
39419
39420
39421
39422
39423
39424
39426
39427
39428
39429
39430
39431
39432
39433
39435
39436
39437
39438
39439
39440
39441
39442
39443
39444
39445
39446
39447
39448
39449
39450
39451
39452
39453
39454
39455
39456
39457
39461
39462
39463
39464
39466
39467
39468
39471
39478
39482
39484
39485
39486
39487
39488
39489
39490
39495
39496
39497
39498
39499
39500
39501
39502
39505
39506
39507
39509
39510
39514
39515
39516
39517
39518
39519
39520
39521
39522
39523
39526
39527
39528
39529
39530
39531
39532
39533
39534
39535
39536
39537
39538
39539
39540
39541
39545
39548
39549
39550
39551
39552
39553
39554
39555
39556
39557
39558
39559
39560
39561
39562
39563
39564
39565
39566
39568
39570
39571
39572
39573
39574
39575
39576
39577
39578
39579
39580
39581
39582
39583
39585
39586
39587
39588
39589
39591
39592
39593
39594
39595
39596
39597
39598
39599
39600
39601
39602
39605
39606
39607
39608
39609
39610
39611
39612
39613
39614
39615
39616
39623
39624
39625
39626
39627
39628
39630
39631
39632
39633
39634
39635
39636
39637
39638
39639
39640
39641
39642
39643
39644
39645
39647
39648
39649
39650
39651
39652
39653
39654
39655
39656
39657
39658
39659
39661
39662
39663
39664
39665
39666
39667
39668
39671
39672
39673
39674
39675
39676
39677
39679
39680
39681
39682
39683
39684
39685
39686
39688
39689
39690
39691
39699
39705
39707
39710
39711
39712
39713
39715
39716
39717
39718
39719
39720
39721
39722
39723
39724
39725
39726
39727
39728
39729
39730
39731
39732
39733
39734
39747
39748
39749
39750
39751
39758
39759
39760
39761
39762
39763
39764
39765
39767
39768
39769
39770
39771
39772
39773
39774
39775
39776
39777
39778
39779
39780
39781
39782
39783
39784
39785
39786
39787
39789
39906
39907
39908
39909
39910
39911
39912
39913
39914
39915
39916
39918
39919
39920
39921
39924
39925
39926
39927
39928
39930
39931
39933
39934
39936
39939
39940
39941
39942
39943
39944
39946
39948
39949
39951
39953
39954
39955
39957
39958
39960
39961
39962
39963
39964
39967
39968
39969
39970
39971
39972
39973
39974
39976
39979
39982
39983
39984
39985
39986
39987
39988
39989
39990
39991
39992
39993
39994
39995
39996
39997
39998
39999
40000
40002
40003
40004
40006
40007
40008
40009
40010
40011
40012
40013
40014
40015
40016
40017
40018
40019
40023
40024
40025
40026
40027
40028
40029
40030
40032
40033
40034
40035
40036
40037
40038
40040
40041
40043
40044
40045
40046
40048
40049
40050
40052
40053
40054
40055
40056
40057
40058
40059
40060
40061
40062
40065
40066
40067
40068
40069
40070
40071
40072
40073
40074
40075
40076
40077
40078
40080
40081
40082
40083
40084
40085
40086
40087
40089
40090
40091
40092
40093
40094
40095
40096
40099
40100
40101
40102
40103
40104
40105
40106
40107
40108
40109
40110
40111
40112
40113
40114
40115
40116
40117
40120
40121
40122
40123
40124
40128
40129
40130
40131
40132
40133
40135
40142
40143
40144
40147
40148
40149
40150
40151
40152
40153
40154
40155
40156
40157
40158
40159
40160
40162
40163
40164
40166
40168
40169
40170
40171
40172
40173
40174
40175
40178
40180
40181
40183
40184
40185
40186
40187
40188
40189
40190
40192
40194
40195
40197
40198
40199
40200
40202
40203
40206
40207
40208
40209
40210
40211
40212
40213
40215
40216
40217
40218
40219
40220
40221
40222
40223
40224
40225
40226
40227
40228
40229
40230
40231
40232
40235
40236
40237
40238
40239
40240
40241
40242
40243
40245
40246
40247
40248
40249
40250
40251
40254
40255
40256
40257
40258
40259
40260
40261
40262
40263
40284
40295
40296
40297
40300
40303
40306
40307
40308
40309
40311
40312
40313
40314
40317
40318
40320
40322
40323
40324
40325
40329
40333
40334
40335
40336
40337
40338
40339
40342
40345
40346
40347
40348
40349
40350
40351
40352
40353
40354
40355
40356
40357
40358
40360
40361
40362
40363
40364
40365
40366
40367
40371
40372
40373
40374
40375
40376
40377
40378
40379
40380
40381
40382
40383
40384
40385
40386
40387
40388
40389
40392
40397
40398
40399
40400
40401
40402
40403
40404
40405
40406
40408
40410
40411
40412
40414
40415
40416
40417
40418
40419
40420
40421
40422
40423
40424
40425
40428
40430
40431
40432
40433
40435
40436
40437
40438
40439
40440
40441
40442
40443
40445
40446
40447
40448
40449
40450
40466
40467
40468
40469
40470
40471
40472
40473
40483
40485
40486
40487
40488
40489
40490
40491
40492
40493
40494
40495
40496
40497
40498
40499
40500
40501
40502
40503
40506
40507
40508
40509
40510
40511
40512
40513
40514
40515
40516
40517
40518
40519
40520
40521
40522
40523
40524
40525
40526
40527
40529
40530
40531
40533
40534
40535
40536
40537
40538
40539
40540
40547
40549
40550
40551
40552
40553
40554
40556
40557
40558
40559
40560
40561
40563
40564
40565
40567
40568
40569
40570
40571
40572
40574
40576
40577
40578
40579
40580
40581
40584
40586
40587
40588
40589
40590
40591
40592
40593
40594
40595
40596
40597
40598
40599
40600
40601
40602
40604
40605
40606
40607
40608
40610
40611
40612
40613
40614
40615
40616
40617
40618
40619
40620
40621
40622
40623
40624
40627
40628
40630
40631
40632
40634
40635
40636
40637
40638
40639
40640
40642
40643
40644
40645
40646
40647
40648
40649
40652
40655
40656
40657
40658
40659
40660
40661
40662
40663
40664
40665
40667
40668
40669
40670
40671
40672
40673
40675
40676
40677
40678
40679
40681
40682
40683
40685
40686
40687
40688
40689
40690
40691
40692
40693
40694
40696
40697
40699
40700
40701
40702
40703
40704
40706
40723
40724
40725
40726
40727
40728
40729
40730
40731
40732
40733
40734
40735
40736
40737
40738
40739
40740
40741
40742
40743
40744
40745
40746
40750
40751
40752
40753
40754
40755
40756
40757
40758
40759
40760
40763
40764
40765
40766
40771
40772
40773
40774
40775
40776
40777
40778
40779
40780
40781
40782
40783
40784
40785
40786
40787
40788
40789
40790
40794
40795
40796
40797
40798
40800
40802
40803
40804
40805
40806
40807
40808
40809
40810
40811
40813
40821
40822
40823
40824
40825
40826
40827
40828
40829
40830
40831
40832
40834
40835
40840
40844
40848
40849
40851
40852
40853
40854
40855
40856
40857
40858
40859
40860
40863
40864
40865
40866
40867
40868
40869
40871
40872
40873
40874
40875
40876
40877
40878
40879
40880
40885
40886
40887
40888
40889
40890
40891
40892
40893
40894
40895
40896
40897
40898
40899
40900
40901
40902
40903
40904
40905
40906
40915
40920
40958
40965
40966
40967
40968
40970
40971
40972
40973
40977
40978
40980
40981
40982
40983
40984
40987
40988
40989
40990
40991
40994
40995
40996
40997
40998
41000
41002
41003
41004
41005
41006
41007
41008
41009
41010
41016
41017
41018
41019
41020
41022
41023
41025
41026
41027
41028
41029
41030
41031
41032
41033
41034
41035
41036
41037
41041
41042
41044
41045
41046
41047
41048
41049
41050
41051
41052
41053
41054
41056
41057
41058
41059
41060
41061
41062
41063
41064
41065
41067
41068
41069
41070
41071
41072
41073
41074
41075
41076
41077
41078
41079
41080
41081
41082
41084
41085
41086
41087
41090
41091
41092
41093
41094
41095
41096
41097
41098
41099
41100
41101
41102
41103
41104
41106
41107
41108
41109
41111
41115
41116
41117
41118
41119
41120
41121
41122
41123
41124
41125
41126
41127
41128
41129
41130
41131
41132
41133
41134
41135
41136
41137
41138
41146
41148
41149
41150
41151
41152
41153
41154
41155
41156
41157
41158
41159
41160
41161
41163
41164
41167
41169
41171
41172
41173
41174
41175
41177
41178
41179
41190
41191
41192
41193
41194
41195
41197
41198
41199
41200
41201
41203
41204
41205
41206
41207
41208
41209
41210
41211
41212
41213
41214
41215
41216
41217
41218
41219
41220
41223
41224
41226
41229
41230
41231
41233
41234
41235
41236
41237
41238
41240
41241
41242
41243
41244
41245
41248
41250
41251
41252
41253
41254
41255
41256
41257
41258
41263
41264
41265
41271
41272
41273
41274
41275
41276
41277
41278
41279
41284
41285
41287
41288
41289
41304
41305
41306
41307
41310
41312
41314
41316
41317
41319
41321
41322
41323
41324
41325
41326
41328
41329
41330
41331
41332
41333
41334
41335
41336
41337
41338
41340
41341
41342
41343
41344
41347
41349
41351
41353
41354
41355
41356
41357
41358
41359
41361
41362
41363
41364
41365
41366
41369
41370
41371
41373
41374
41375
41376
41377
41378
41379
41380
41381
41382
41383
41384
41385
41386
41388
41389
41391
41394
41395
41396
41397
41398
41399
41400
41401
41402
41405
41406
41408
41409
41410
41411
41412
41413
41414
41417
41419
41420
41421
41422
41424
41425
41426
41427
41428
41429
41430
41431
41432
41436
41437
41438
41439
41444
41448
41450
41451
41453
41454
41455
41456
41457
41458
41459
41460
41461
41466
41467
41468
41469
41470
41471
41472
41473
41474
41475
41476
41477
41478
41480
41488
41489
41490
41491
41492
41493
41494
41495
41496
41497
41498
41499
41500
41501
41502
41503
41504
41505
41506
41507
41508
41509
41510
41511
41522
41523
41524
41525
41526
41527
41528
41529
41531
41532
41533
41534
41535
41536
41537
41538
41539
41541
41542
41543
41544
41547
41548
41549
41550
41551
41553
41554
41555
41556
41557
41558
41560
41561
41562
41565
41567
41568
41569
41570
